1,1,122.49,333.46,134.32,58.920000000000016,1,1,1.0
1,2,734.1,265.7,71.0,39.19999999999999,1,1,1.0
1,3,209.0,249.99,93.81,41.26999999999998,1,1,1.0
2,1,98.14,337.08,137.22000000000003,59.660000000000025,1,1,1.0
2,2,720.8,267.9,72.45000000000005,38.85000000000002,1,1,1.0
2,3,209.0,250.03,93.81,41.27000000000001,1,1,1.0
3,1,73.8,340.7,140.10000000000002,60.400000000000034,1,1,1.0
3,2,707.5,270.1,73.89999999999998,38.5,1,1,1.0
3,3,209.0,250.07,93.81,41.26999999999998,1,1,1.0
4,1,47.85,344.2,143.6,62.139999999999986,1,1,1.0
4,2,693.56,272.2,75.29000000000008,38.900000000000034,1,1,1.0
4,3,209.0,250.11,93.81,41.26999999999998,1,1,1.0
5,1,21.9,347.7,147.1,63.889999999999986,1,1,1.0
5,2,679.62,274.3,76.67999999999995,39.30000000000001,1,1,1.0
5,3,209.0,250.15,93.81,41.28,1,1,1.0
6,1,10.95,351.2,135.35000000000002,65.24000000000001,1,1,1.0
6,2,665.11,275.35,77.38999999999999,41.06999999999999,1,1,1.0
6,3,209.0,250.18,93.81,41.29000000000002,1,1,1.0
7,1,0.0,354.7,123.6,66.60000000000002,1,1,1.0
7,2,650.6,276.4,78.10000000000002,42.84000000000003,1,1,1.0
7,3,209.0,250.22,93.81,41.28999999999999,1,1,1.0
8,1,0.0,358.45,100.75,67.55000000000001,1,1,1.0
8,2,636.34,278.35,79.70999999999992,43.06999999999999,1,1,1.0
8,3,209.0,250.26,93.81,41.29000000000002,1,1,1.0
9,1,0.0,362.2,77.9,57.60000000000002,1,1,1.0
9,2,622.07,280.3,81.32999999999993,43.289999999999964,1,1,1.0
9,3,209.0,250.3,93.81,41.30000000000001,1,1,1.0
10,1,0.0,364.9,49.9,59.10000000000002,1,1,1.0
10,2,606.14,282.3,82.61000000000001,43.870000000000005,1,1,1.0
10,3,209.0,250.34,93.81,41.29999999999998,1,1,1.0
11,1,0.0,378.9,26.2,48.60000000000002,1,1,1.0
11,2,590.2,284.3,83.89999999999998,44.44999999999999,1,1,1.0
11,3,209.0,250.38,93.81,41.30000000000001,1,1,1.0
12,2,574.47,286.41,85.39999999999998,44.81999999999999,1,1,1.0
12,3,209.0,250.42,93.81,41.30000000000004,1,1,1.0
13,2,558.74,288.53,86.88999999999999,45.190000000000055,1,1,1.0
13,3,209.0,250.45,93.81,41.31999999999999,1,1,1.0
14,2,543.02,290.64,88.38,45.56,1,1,1.0
14,3,209.0,250.49,93.81,41.31999999999999,1,1,1.0
15,2,526.36,292.93,89.80999999999995,46.5,1,1,1.0
15,3,209.0,250.53,93.81,41.32000000000002,1,1,1.0
16,2,509.69,295.21,91.23999999999995,47.450000000000045,1,1,1.0
16,3,209.0,250.57,93.81,41.31999999999999,1,1,1.0
17,2,493.03,297.5,92.67000000000007,48.39999999999998,1,1,1.0
17,3,209.0,250.61,93.81,41.329999999999984,1,1,1.0
18,2,475.75,299.87,94.04999999999995,49.50999999999999,1,1,1.0
18,3,209.0,250.65,93.81,41.33000000000001,1,1,1.0
19,2,458.47,302.23,95.42999999999995,50.629999999999995,1,1,1.0
19,3,209.0,250.68,93.81,41.339999999999975,1,1,1.0
20,2,441.19,304.6,96.81,51.73999999999995,1,1,1.0
20,3,209.0,250.72,93.81,41.34,1,1,1.0
21,2,423.29,307.47,98.73999999999995,53.099999999999966,1,1,1.0
21,3,209.0,250.76,93.81,41.35000000000002,1,1,1.0
22,2,405.4,310.33,100.67000000000002,54.47000000000003,1,1,1.0
22,3,209.0,250.8,93.81,41.349999999999966,1,1,1.0
23,2,387.5,313.2,102.60000000000002,55.81999999999999,1,1,1.0
23,3,209.0,250.84,93.81,41.349999999999994,1,1,1.0
24,2,367.79,316.23,105.47999999999996,56.64999999999998,1,1,1.0
24,3,209.0,250.88,93.81,41.35000000000002,1,1,1.0
25,2,348.09,319.27,108.34000000000003,57.460000000000036,1,1,1.0
25,3,209.0,250.92,93.81,41.359999999999985,1,1,1.0
26,2,328.38,322.3,111.22000000000003,58.289999999999964,1,1,1.0
26,3,209.0,250.95,93.81,41.370000000000005,1,1,1.0
27,2,307.93,325.27,113.33999999999997,59.79000000000002,1,1,1.0
27,3,209.0,250.99,93.81,41.370000000000005,1,1,1.0
28,2,287.47,328.23,115.45999999999998,61.299999999999955,1,1,1.0
28,3,209.0,251.03,93.81,41.369999999999976,1,1,1.0
29,2,267.02,331.2,117.58000000000004,62.80000000000001,1,1,1.0
29,3,209.0,251.07,93.81,41.379999999999995,1,1,1.0
30,2,244.58,334.93,120.81999999999996,63.73000000000002,1,1,1.0
30,3,209.0,251.11,93.81,41.379999999999995,1,1,1.0
31,2,222.14,338.67,124.06,64.65999999999997,1,1,1.0
31,3,209.0,251.15,93.81,41.37999999999997,1,1,1.0
32,2,199.7,342.4,127.30000000000001,65.59000000000003,1,1,1.0
32,3,209.0,251.18,93.81,41.389999999999986,1,1,1.0
33,2,175.14,346.63,131.29000000000002,66.94999999999999,1,1,1.0
33,3,209.0,251.22,93.81,41.400000000000006,1,1,1.0
34,2,150.59,350.87,135.28,68.31,1,1,1.0
34,3,209.0,251.26,93.81,41.400000000000034,1,1,1.0
35,2,126.03,355.1,139.27,69.66999999999996,1,1,1.0
35,3,209.0,251.3,93.81,41.39999999999998,1,1,1.0
36,2,99.78,359.0,143.09,71.68,1,1,1.0
36,3,209.0,251.39,93.81,41.400000000000034,1,1,1.0
37,2,73.52,362.9,146.91000000000003,73.69,1,1,1.0
37,3,209.0,251.49,93.81,41.39999999999998,1,1,1.0
38,2,47.27,366.8,150.73,75.69999999999999,1,1,1.0
38,3,209.0,251.58,93.81,41.400000000000006,1,1,1.0
39,2,31.51,371.63,141.92000000000002,76.44999999999999,1,1,1.0
39,3,209.0,251.68,93.81,41.39999999999998,1,1,1.0
40,2,15.76,376.47,133.11,77.17999999999995,1,1,1.0
40,3,209.0,251.77,93.81,41.400000000000006,1,1,1.0
41,2,0.0,381.3,124.3,77.93,1,1,1.0
41,3,209.0,251.87,93.81,41.39999999999998,1,1,1.0
42,2,0.0,384.3,99.35,74.06,1,1,1.0
42,3,209.0,251.96,93.81,41.400000000000006,1,1,1.0
43,2,0.0,387.3,74.4,70.19999999999999,1,1,1.0
43,3,209.0,252.06,93.81,41.39999999999998,1,1,1.0
44,2,0.0,400.3,48.8,62.31999999999999,1,1,1.0
44,3,209.0,252.15,93.81,41.400000000000006,1,1,1.0
45,2,0.0,413.3,23.2,54.44,1,1,1.0
45,3,209.0,252.24,93.81,41.39999999999998,1,1,1.0
46,3,209.0,252.34,93.81,41.400000000000006,1,1,1.0
47,3,209.0,252.43,93.81,41.39999999999998,1,1,1.0
48,3,209.0,252.53,93.81,41.400000000000006,1,1,1.0
49,3,209.0,252.62,93.81,41.39999999999998,1,1,1.0
50,3,209.0,252.72,93.81,41.400000000000006,1,1,1.0
50,4,956.95,232.84,3.0499999999999545,14.900000000000006,1,1,1.0
51,3,209.0,252.81,93.81,41.39999999999998,1,1,1.0
51,4,952.03,230.83,7.970000000000027,29.92999999999998,1,1,1.0
52,3,209.0,252.91,93.81,41.400000000000006,1,1,1.0
52,4,947.12,228.81,12.879999999999995,44.96999999999997,1,1,1.0
53,3,209.0,253.0,93.81,41.39999999999998,1,1,1.0
53,4,942.2,226.8,17.799999999999955,60.0,1,1,1.0
54,3,209.0,253.09,93.81,41.400000000000006,1,1,1.0
54,4,937.43,226.77,22.57000000000005,60.92999999999998,1,1,1.0
55,3,209.0,253.19,93.81,41.39999999999998,1,1,1.0
55,4,932.67,226.73,27.33000000000004,61.87000000000003,1,1,1.0
56,3,209.0,253.28,93.81,41.400000000000006,1,1,1.0
56,4,927.9,226.7,32.10000000000002,62.80000000000001,1,1,1.0
57,3,209.0,253.38,93.81,41.39999999999998,1,1,1.0
57,4,922.63,226.4,37.370000000000005,65.20000000000002,1,1,1.0
58,3,209.0,253.47,93.81,41.400000000000006,1,1,1.0
58,4,917.37,226.1,42.629999999999995,67.6,1,1,1.0
59,3,209.0,253.57,93.81,41.400000000000034,1,1,1.0
59,4,912.1,225.8,47.89999999999998,70.0,1,1,1.0
60,3,209.0,253.66,93.81,41.400000000000006,1,1,1.0
60,4,907.37,225.87,52.629999999999995,70.36000000000001,1,1,1.0
61,3,209.0,253.76,93.81,41.400000000000034,1,1,1.0
61,4,902.63,225.93,57.370000000000005,70.74000000000001,1,1,1.0
62,3,209.0,253.85,93.81,41.400000000000006,1,1,1.0
62,4,897.9,226.0,62.10000000000002,71.10000000000002,1,1,1.0
63,3,209.0,253.94,93.81,41.39999999999998,1,1,1.0
63,4,891.87,226.0,68.13,73.13,1,1,1.0
64,3,209.0,254.04,93.81,41.400000000000006,1,1,1.0
64,4,885.83,226.0,74.16999999999996,75.17000000000002,1,1,1.0
65,3,208.99,254.17,93.81,41.400000000000006,1,1,1.0
65,4,879.8,226.0,80.20000000000005,77.19999999999999,1,1,1.0
66,3,208.98,254.31,93.81000000000003,41.39999999999998,1,1,1.0
66,4,873.47,226.0,86.52999999999997,78.17000000000002,1,1,1.0
67,3,208.96,254.44,93.80999999999997,41.39999999999998,1,1,1.0
67,4,867.13,226.0,92.87,79.13,1,1,1.0
68,3,208.95,254.58,93.81,41.400000000000006,1,1,1.0
68,4,860.8,226.0,99.20000000000005,80.10000000000002,1,1,1.0
69,3,208.93,254.71,93.82,41.400000000000006,1,1,1.0
69,4,853.77,226.17,106.23000000000002,81.76000000000002,1,1,1.0
70,3,208.92,254.84,93.81000000000003,41.400000000000006,1,1,1.0
70,4,846.73,226.33,113.26999999999998,83.43999999999997,1,1,1.0
71,3,208.91,254.98,93.81000000000003,41.400000000000006,1,1,1.0
71,4,839.7,226.5,120.29999999999995,85.10000000000002,1,1,1.0
72,3,208.89,255.11,93.82,41.39999999999998,1,1,1.0
72,4,832.43,227.3,127.57000000000005,85.82999999999998,1,1,1.0
73,3,208.88,255.25,93.81,41.39999999999998,1,1,1.0
73,4,825.17,228.1,134.83000000000004,86.57000000000002,1,1,1.0
74,3,208.87,255.38,93.81,41.39999999999998,1,1,1.0
74,4,817.9,228.9,142.10000000000002,87.29999999999998,1,1,1.0
75,3,208.85,255.52,93.82000000000002,41.400000000000006,1,1,1.0
75,4,810.67,229.83,149.33000000000004,88.6,1,1,1.0
76,3,208.84,255.65,93.80999999999997,41.400000000000006,1,1,1.0
76,4,803.43,230.77,156.57000000000005,89.9,1,1,1.0
77,3,208.79,255.53,93.81000000000003,41.400000000000006,1,1,1.0
77,4,796.2,231.7,163.79999999999995,91.19999999999999,1,1,1.0
78,3,208.73,255.41,93.81000000000003,41.400000000000006,1,1,1.0
78,4,788.15,232.8,168.80000000000007,92.44999999999999,1,1,1.0
79,3,208.68,255.29,93.81,41.400000000000006,1,1,1.0
79,4,780.1,233.9,173.79999999999995,93.70000000000002,1,1,1.0
80,3,208.63,255.17,93.81,41.400000000000006,1,1,1.0
80,4,771.4,235.2,176.86,93.97000000000003,1,1,1.0
80,5,909.63,238.49,47.25,31.289999999999964,1,1,1.0
81,3,208.57,255.05,93.81,41.39999999999998,1,1,1.0
81,4,762.7,236.49,179.90999999999997,94.24000000000001,1,1,1.0
81,5,902.87,239.07,47.93999999999994,31.54000000000002,1,1,1.0
82,3,208.52,254.93,93.80999999999997,41.39999999999998,1,1,1.0
82,4,754.0,237.79,182.97000000000003,94.51000000000002,1,1,1.0
82,5,896.11,239.64,48.620000000000005,31.80000000000001,1,1,1.0
83,3,208.46,254.8,93.81999999999996,41.39999999999998,1,1,1.0
83,4,744.67,238.27,185.84000000000003,96.53,1,1,1.0
83,6,730.22,259.6,63.07999999999993,32.56,1,1,1.0
83,5,889.36,240.21,49.289999999999964,32.059999999999974,1,1,1.0
84,3,208.41,254.68,93.81000000000003,41.39999999999998,1,1,1.0
84,4,735.33,238.75,188.7299999999999,98.55000000000001,1,1,1.0
84,6,719.44,260.27,63.239999999999895,32.56,1,1,1.0
84,5,882.6,240.79,49.98000000000002,32.31000000000003,1,1,1.0
85,3,208.36,254.56,93.81,41.39999999999998,1,1,1.0
85,4,726.0,239.23,191.61,100.57000000000002,1,1,1.0
85,6,708.66,260.94,63.389999999999986,32.55000000000001,1,1,1.0
85,5,875.84,241.36,50.65999999999997,32.56999999999999,1,1,1.0
86,3,208.3,254.44,93.81,41.39999999999998,1,1,1.0
86,4,717.17,240.4,194.45000000000005,101.07000000000002,1,1,1.0
86,6,697.89,261.6,63.539999999999964,32.56,1,1,1.0
86,5,869.08,241.93,51.33999999999992,32.829999999999984,1,1,1.0
87,3,208.25,254.32,93.81,41.400000000000034,1,1,1.0
87,4,708.33,241.56,197.29999999999995,101.57,1,1,1.0
87,6,687.11,262.27,63.68999999999994,32.56,1,1,1.0
87,5,862.33,242.51,52.00999999999999,33.06999999999999,1,1,1.0
88,3,208.2,254.2,93.81,41.400000000000034,1,1,1.0
88,4,699.5,242.73,200.14,102.07000000000002,1,1,1.0
88,6,675.74,263.05,63.700000000000045,32.339999999999975,1,1,1.0
88,5,855.57,243.08,52.69999999999993,33.33000000000001,1,1,1.0
89,3,208.2,254.22,93.81,41.400000000000006,1,1,1.0
89,4,688.17,243.81,205.06000000000006,103.71999999999997,1,1,1.0
89,6,664.38,263.82,63.690000000000055,32.129999999999995,1,1,1.0
89,5,848.81,243.65,53.38000000000011,33.59,1,1,1.0
90,3,208.2,254.25,93.81,41.39999999999998,1,1,1.0
90,4,676.83,244.89,209.99,105.38,1,1,1.0
90,6,653.01,264.6,63.700000000000045,31.899999999999977,1,1,1.0
90,5,842.06,244.23,54.05000000000007,33.84,1,1,1.0
91,3,208.2,254.27,93.81,41.400000000000006,1,1,1.0
91,4,665.5,245.97,214.90999999999997,107.03,1,1,1.0
91,6,640.51,265.1,70.13,31.91999999999996,1,1,1.0
91,5,835.3,244.8,54.74000000000001,34.099999999999966,1,1,1.0
92,3,208.2,254.29,93.81,41.400000000000006,1,1,1.0
92,4,654.73,246.92,218.65999999999997,109.01000000000002,1,1,1.0
92,6,628.01,265.6,76.56000000000006,31.92999999999995,1,1,1.0
92,5,825.81,245.48,56.370000000000005,33.53999999999999,1,1,1.0
93,3,208.2,254.31,93.81,41.39999999999998,1,1,1.0
93,4,643.97,247.87,222.39999999999998,111.0,1,1,1.0
93,6,615.5,266.1,83.0,31.94999999999999,1,1,1.0
93,5,816.32,246.17,58.0,32.96000000000001,1,1,1.0
94,3,208.2,254.34,93.81,41.400000000000006,1,1,1.0
94,4,633.2,248.82,226.14999999999998,112.98000000000002,1,1,1.0
94,6,602.74,266.4,86.09000000000003,32.29000000000002,1,1,1.0
94,5,806.83,246.85,59.639999999999986,32.400000000000006,1,1,1.0
95,3,208.2,254.36,93.81,41.39999999999998,1,1,1.0
95,4,621.37,249.97,229.89999999999998,114.9,1,1,1.0
95,6,589.98,266.7,89.18999999999994,32.639999999999986,1,1,1.0
95,5,797.33,247.53,61.27999999999997,31.840000000000003,1,1,1.0
96,3,208.2,254.38,93.81,41.39999999999998,1,1,1.0
96,4,609.53,251.13,233.64999999999998,116.80000000000001,1,1,1.0
96,6,577.22,267.0,92.27999999999997,32.98000000000002,1,1,1.0
96,5,787.84,248.22,62.91999999999996,31.26000000000002,1,1,1.0
97,3,208.2,254.4,93.81,41.400000000000006,1,1,1.0
97,4,597.7,252.28,237.39,118.72,1,1,1.0
97,6,564.32,267.86,93.27999999999997,33.25999999999999,1,1,1.0
97,5,778.35,248.9,64.54999999999995,30.700000000000017,1,1,1.0
98,3,208.2,254.43,93.81,41.39999999999998,1,1,1.0
98,4,585.07,253.53,242.3599999999999,120.53999999999999,1,1,1.0
98,6,551.41,268.72,94.29000000000008,33.52999999999997,1,1,1.0
98,5,767.61,249.36,65.22000000000003,30.370000000000005,1,1,1.0
99,3,208.2,254.45,93.81,41.400000000000034,1,1,1.0
99,4,572.43,254.78,247.35000000000002,122.35,1,1,1.0
99,6,538.51,269.58,95.28999999999996,33.81,1,1,1.0
99,5,756.88,249.81,65.88,30.04000000000002,1,1,1.0
100,3,208.2,254.47,93.81,41.400000000000006,1,1,1.0
100,4,559.8,256.03,252.32000000000005,124.17000000000002,1,1,1.0
100,6,525.61,270.44,96.28999999999996,34.089999999999975,1,1,1.0
100,5,746.14,250.27,66.55000000000007,29.710000000000008,1,1,1.0
101,3,208.2,254.49,93.81,41.39999999999998,1,1,1.0
101,4,546.43,257.03,257.33000000000004,126.30000000000001,1,1,1.0
101,6,512.71,271.3,97.28999999999996,34.360000000000014,1,1,1.0
101,5,735.4,250.72,67.23000000000002,29.380000000000024,1,1,1.0
102,3,208.2,254.52,93.81,41.400000000000006,1,1,1.0
102,4,533.07,258.04,262.3399999999999,128.43,1,1,1.0
102,6,498.47,271.7,97.54999999999995,34.56,1,1,1.0
102,5,724.97,251.62,68.80999999999995,28.94999999999999,1,1,1.0
103,3,208.2,254.54,93.81,41.400000000000006,1,1,1.0
103,4,519.7,259.04,267.3499999999999,130.56,1,1,1.0
103,6,484.23,272.1,97.80999999999995,34.76999999999998,1,1,1.0
103,5,714.53,252.51,70.41000000000008,28.519999999999982,1,1,1.0
104,3,208.2,254.56,93.81,41.39999999999998,1,1,1.0
104,4,505.1,260.82,272.26,132.45,1,1,1.0
104,6,469.99,272.5,98.06999999999994,34.97000000000003,1,1,1.0
104,5,704.1,253.4,72.0,28.099999999999994,1,1,1.0
104,7,949.11,226.33,10.889999999999986,38.19999999999996,1,1,1.0
105,3,208.2,254.58,93.81,41.400000000000006,1,1,1.0
105,4,490.5,262.6,277.15999999999997,134.32999999999998,1,1,1.0
105,6,455.75,272.9,98.33000000000004,35.170000000000016,1,1,1.0
105,5,690.1,253.53,75.39999999999998,30.190000000000026,1,1,1.0
105,7,944.58,222.15,15.419999999999959,42.93999999999997,1,1,1.0
106,3,208.2,254.61,93.81,41.39999999999998,1,1,1.0
106,4,475.9,264.39,282.07000000000005,136.21000000000004,1,1,1.0
106,6,441.52,273.3,98.58000000000004,35.370000000000005,1,1,1.0
106,5,676.1,253.67,78.79999999999995,32.27000000000001,1,1,1.0
106,7,940.04,217.98,19.960000000000036,47.66,1,1,1.0
107,3,208.2,254.63,93.81,41.39999999999998,1,1,1.0
107,4,460.2,265.72,289.08,139.20999999999998,1,1,1.0
107,6,428.08,273.96,99.78000000000003,35.910000000000025,1,1,1.0
107,5,662.1,253.8,82.19999999999993,34.360000000000014,1,1,1.0
107,7,935.5,213.8,24.5,52.39999999999998,1,1,1.0
108,3,208.2,254.65,93.81,41.400000000000006,1,1,1.0
108,4,444.5,267.06,296.09000000000003,142.20999999999998,1,1,1.0
108,6,414.64,274.62,100.98000000000002,36.45999999999998,1,1,1.0
108,5,647.6,254.7,87.60000000000002,33.400000000000034,1,1,1.0
108,7,930.93,213.8,29.07000000000005,53.26999999999998,1,1,1.0
109,3,208.2,254.67,93.81,41.400000000000006,1,1,1.0
109,4,428.8,268.4,303.09999999999997,145.20000000000005,1,1,1.0
109,6,401.21,275.28,102.17000000000002,37.0,1,1,1.0
109,5,634.15,255.91,88.70000000000005,32.98999999999998,1,1,1.0
109,7,926.37,213.8,33.629999999999995,54.129999999999995,1,1,1.0
110,3,208.2,254.7,93.81,41.400000000000034,1,1,1.0
110,4,411.4,270.18,310.14,147.89999999999998,1,1,1.0
110,6,387.77,275.94,103.37,37.54000000000002,1,1,1.0
110,5,620.7,257.12,89.79999999999995,32.579999999999984,1,1,1.0
110,7,921.8,213.8,38.200000000000045,55.0,1,1,1.0
111,3,208.2,254.72,93.81,41.400000000000006,1,1,1.0
111,4,394.0,271.95,317.16999999999996,150.61,1,1,1.0
111,6,374.33,276.6,104.57,38.089999999999975,1,1,1.0
111,5,606.81,257.2,95.09000000000003,35.98000000000002,1,1,1.0
111,7,917.7,213.97,42.299999999999955,55.559999999999974,1,1,1.0
112,3,208.2,254.74,93.81,41.39999999999998,1,1,1.0
112,4,376.6,273.73,324.2099999999999,153.31,1,1,1.0
112,6,359.49,277.26,105.43,38.629999999999995,1,1,1.0
112,5,593.33,257.7,96.14999999999998,36.06,1,1,1.0
112,7,913.6,214.13,46.39999999999998,56.139999999999986,1,1,1.0
113,3,208.2,254.76,93.81,41.400000000000034,1,1,1.0
113,4,359.2,275.51,331.24000000000007,156.01,1,1,1.0
113,6,344.65,277.92,106.29000000000002,39.16999999999996,1,1,1.0
113,5,579.84,258.2,97.21999999999991,36.150000000000034,1,1,1.0
113,7,909.5,214.3,50.5,56.69999999999999,1,1,1.0
114,3,208.2,254.79,93.81,41.400000000000006,1,1,1.0
114,4,341.8,277.29,338.28000000000003,158.70999999999998,1,1,1.0
114,6,329.81,278.58,107.14999999999998,39.72000000000003,1,1,1.0
114,5,566.36,258.7,98.27999999999997,36.23000000000002,1,1,1.0
114,7,904.15,214.47,55.85000000000002,57.01000000000002,1,1,1.0
115,3,208.2,254.81,93.81,41.39999999999998,1,1,1.0
115,4,321.68,279.21,346.90000000000003,162.07,1,1,1.0
115,6,314.97,279.24,108.00999999999999,40.25999999999999,1,1,1.0
115,5,552.88,259.2,99.34000000000003,36.31999999999999,1,1,1.0
115,7,898.8,214.65,61.200000000000045,57.29999999999998,1,1,1.0
116,3,208.2,254.83,93.81,41.400000000000006,1,1,1.0
116,4,301.56,281.13,355.52000000000004,165.43,1,1,1.0
116,6,300.13,279.9,108.87,40.80000000000001,1,1,1.0
116,5,539.4,259.7,100.39999999999998,36.400000000000034,1,1,1.0
116,7,893.45,214.82,66.54999999999995,57.610000000000014,1,1,1.0
117,3,208.2,254.85,93.81,41.400000000000006,1,1,1.0
117,4,281.44,283.04,364.14000000000004,168.79999999999995,1,1,1.0
117,6,284.03,280.97,110.21000000000004,41.40999999999997,1,1,1.0
117,5,523.98,260.79,102.35000000000002,36.90999999999997,1,1,1.0
117,7,888.1,215.0,71.89999999999998,57.89999999999998,1,1,1.0
118,3,208.2,254.88,93.81,41.39999999999998,1,1,1.0
118,4,261.32,284.96,372.76000000000005,172.16000000000003,1,1,1.0
118,6,267.92,282.05,111.56,42.00999999999999,1,1,1.0
118,5,508.55,261.87,104.32,37.43000000000001,1,1,1.0
118,7,882.57,215.57,75.5,58.19999999999999,1,1,1.0
119,3,208.2,254.9,93.81,41.400000000000006,1,1,1.0
119,4,241.2,286.88,381.37000000000006,175.51999999999998,1,1,1.0
119,6,251.81,283.12,112.91000000000003,42.620000000000005,1,1,1.0
119,5,493.13,262.96,106.26999999999998,37.94,1,1,1.0
119,7,877.05,216.13,79.08000000000004,58.5,1,1,1.0
120,3,208.2,254.92,93.81,41.400000000000006,1,1,1.0
120,4,217.12,289.39,392.52,179.49,1,1,1.0
120,6,235.7,284.2,114.25999999999999,43.22000000000003,1,1,1.0
120,5,478.92,263.68,107.05000000000001,38.31999999999999,1,1,1.0
120,7,871.52,216.7,82.68000000000006,58.80000000000001,1,1,1.0
121,3,208.2,254.94,93.81,41.39999999999998,1,1,1.0
121,4,193.04,291.91,403.6600000000001,183.45,1,1,1.0
121,6,219.59,285.27,115.60999999999999,43.83000000000004,1,1,1.0
121,5,464.71,264.4,107.82,38.700000000000045,1,1,1.0
121,7,866.8,216.94,82.67000000000007,59.129999999999995,1,1,1.0
122,3,208.2,254.97,93.81,41.400000000000006,1,1,1.0
122,4,168.96,294.42,414.79999999999995,187.41999999999996,1,1,1.0
122,6,202.42,286.38,116.85999999999999,44.06999999999999,1,1,1.0
122,5,450.5,265.12,108.60000000000002,39.079999999999984,1,1,1.0
122,7,862.07,217.18,82.67999999999995,59.44999999999999,1,1,1.0
123,3,208.2,254.99,93.81,41.39999999999998,1,1,1.0
123,4,144.88,296.94,425.94000000000005,191.38,1,1,1.0
123,6,185.24,287.48,118.12,44.31999999999999,1,1,1.0
123,5,435.93,265.84,109.71999999999997,40.56,1,1,1.0
123,7,857.35,217.42,82.66999999999996,59.78,1,1,1.0
124,3,208.2,255.01,93.81,41.400000000000034,1,1,1.0
124,4,120.8,299.46,437.08,195.34000000000003,1,1,1.0
124,6,168.06,288.59,119.38,44.55000000000001,1,1,1.0
124,5,421.37,266.56,110.82000000000005,42.02999999999997,1,1,1.0
124,7,851.64,217.76,83.87,60.25999999999999,1,1,1.0
125,3,208.2,255.03,93.81,41.400000000000006,1,1,1.0
125,4,92.83,301.65,451.87000000000006,201.55,1,1,1.0
125,6,150.88,289.69,120.63999999999999,44.80000000000001,1,1,1.0
125,5,406.8,267.28,111.94,43.51000000000005,1,1,1.0
125,7,845.93,218.09,85.06000000000006,60.74999999999997,1,1,1.0
126,3,208.2,255.06,93.81,41.39999999999998,1,1,1.0
126,4,64.87,303.85,466.65,207.75,1,1,1.0
126,6,133.71,290.8,121.88999999999999,45.039999999999964,1,1,1.0
126,5,391.85,267.84,113.16999999999996,44.05000000000001,1,1,1.0
126,7,840.22,218.43,86.25,61.23000000000002,1,1,1.0
127,3,208.2,255.08,93.81,41.400000000000006,1,1,1.0
127,4,36.9,306.04,481.45000000000005,213.95999999999998,1,1,1.0
127,6,115.43,292.24,123.54999999999998,45.39999999999998,1,1,1.0
127,5,376.9,268.4,114.40000000000003,44.58000000000004,1,1,1.0
127,7,834.51,218.77,87.45000000000005,61.71000000000001,1,1,1.0
128,3,208.2,255.1,93.81,41.400000000000006,1,1,1.0
128,4,24.6,308.84,478.77,217.82999999999998,1,1,1.0
128,6,97.15,293.68,125.21000000000001,45.75999999999999,1,1,1.0
128,5,362.1,269.3,115.44999999999999,45.49000000000001,1,1,1.0
128,7,828.8,219.1,88.6400000000001,62.20000000000002,1,1,1.0
129,3,208.2,255.13,93.81,41.39999999999998,1,1,1.0
129,4,12.3,311.64,476.09,221.69000000000005,1,1,1.0
129,6,78.88,295.12,126.86000000000001,46.110000000000014,1,1,1.0
129,5,347.29,270.2,116.50999999999999,46.400000000000034,1,1,1.0
129,7,822.08,219.53,89.92999999999995,62.59,1,1,1.0
130,3,208.2,255.15,93.81,41.400000000000006,1,1,1.0
130,4,0.0,314.43,473.42,225.57,1,1,1.0
130,6,60.6,296.56,128.52,46.46999999999997,1,1,1.0
130,5,332.49,271.1,117.56,47.31,1,1,1.0
130,7,815.36,219.97,91.22000000000003,62.97,1,1,1.0
131,3,208.2,255.17,93.81,41.400000000000006,1,1,1.0
131,4,0.0,317.23,456.45,222.76999999999998,1,1,1.0
131,6,42.33,298.0,130.17000000000002,46.829999999999984,1,1,1.0
131,5,317.69,272.0,118.61000000000001,48.20999999999998,1,1,1.0
131,7,808.64,220.4,92.50999999999999,63.359999999999985,1,1,1.0
132,3,208.2,255.19,93.81,41.39999999999998,1,1,1.0
132,4,0.0,320.02,439.48,219.98000000000002,1,1,1.0
132,6,28.22,299.67,125.80000000000001,47.15999999999997,1,1,1.0
132,5,301.83,273.24,119.83000000000004,48.20999999999998,1,1,1.0
132,7,801.92,220.83,93.80000000000007,63.74999999999997,1,1,1.0
133,3,208.2,255.22,93.81,41.400000000000006,1,1,1.0
133,8,683.22,530.91,53.83999999999992,9.090000000000032,1,1,1.0
133,4,0.0,322.82,422.5,217.18,1,1,1.0
133,6,14.11,301.33,121.44000000000001,47.49000000000001,1,1,1.0
133,5,285.96,274.48,121.06,48.20999999999998,1,1,1.0
133,7,795.2,221.26,95.08999999999992,64.13999999999999,1,1,1.0
134,3,208.2,255.24,93.81,41.39999999999998,1,1,1.0
134,8,683.22,525.74,80.90999999999997,14.259999999999991,1,1,1.0
134,4,0.0,326.21,404.93,213.79000000000002,1,1,1.0
134,6,0.0,303.0,117.07,47.81999999999999,1,1,1.0
134,5,270.1,275.72,122.28999999999996,48.20999999999998,1,1,1.0
134,7,788.0,221.84,96.23000000000002,64.22,1,1,1.0
135,3,208.2,255.26,93.81,41.400000000000034,1,1,1.0
135,8,683.22,520.57,107.98000000000002,19.42999999999995,1,1,1.0
135,4,0.0,329.6,387.36,210.39999999999998,1,1,1.0
135,6,0.0,305.0,99.47,47.94,1,1,1.0
135,5,253.6,276.71,123.66,49.210000000000036,1,1,1.0
135,7,780.8,222.42,97.38,64.30000000000004,1,1,1.0
136,3,208.2,255.28,93.81,41.400000000000006,1,1,1.0
136,8,683.22,515.4,125.77999999999997,24.600000000000023,1,1,1.0
136,4,0.0,333.0,369.79,207.0,1,1,1.0
136,6,0.0,307.0,81.87,48.06999999999999,1,1,1.0
136,5,237.1,277.71,125.03,50.200000000000045,1,1,1.0
136,7,773.6,222.99,98.51999999999998,64.38999999999999,1,1,1.0
137,3,208.2,255.31,93.81,41.39999999999998,1,1,1.0
137,8,697.98,509.43,127.56999999999994,30.569999999999993,1,1,1.0
137,4,0.0,336.59,350.42,203.41000000000003,1,1,1.0
137,6,0.0,308.1,63.52,45.839999999999975,1,1,1.0
137,5,220.6,278.7,126.4,51.19999999999999,1,1,1.0
137,7,766.4,223.57,99.67000000000007,64.47000000000003,1,1,1.0
138,3,208.2,255.33,93.81,41.400000000000006,1,1,1.0
138,8,712.73,503.46,129.37,36.54000000000002,1,1,1.0
138,4,0.0,340.19,331.05,199.81,1,1,1.0
138,6,0.0,309.2,45.17,43.620000000000005,1,1,1.0
138,5,203.73,279.2,127.76000000000002,52.06999999999999,1,1,1.0
138,7,759.2,224.15,100.81999999999994,64.54999999999998,1,1,1.0
139,3,208.2,255.37,93.81,41.39999999999998,1,1,1.0
139,8,720.32,498.11,130.90999999999997,41.889999999999986,1,1,1.0
139,4,0.0,343.78,311.69,196.22000000000003,1,1,1.0
139,6,0.0,314.7,27.4,39.900000000000034,1,1,1.0
139,5,186.87,279.69,129.12,52.94,1,1,1.0
139,7,751.36,224.58,101.98000000000002,64.93999999999997,1,1,1.0
140,3,208.2,255.41,93.81,41.400000000000006,1,1,1.0
140,8,727.92,492.75,132.45000000000005,47.25,1,1,1.0
140,4,0.0,346.98,290.12,193.01999999999998,1,1,1.0
140,6,0.0,314.7,8.4,39.900000000000034,1,1,1.0
140,5,170.0,280.19,130.48000000000002,53.81,1,1,1.0
140,7,743.52,225.01,103.13999999999999,65.32999999999998,1,1,1.0
141,3,208.2,255.45,93.81,41.400000000000034,1,1,1.0
141,8,735.51,487.4,133.99,52.60000000000002,1,1,1.0
141,4,0.0,350.17,268.56,189.82999999999998,1,1,1.0
141,5,152.58,281.53,131.81999999999996,54.25,1,1,1.0
141,7,735.68,225.44,104.30000000000007,65.72000000000003,1,1,1.0
142,3,208.2,255.49,93.81,41.39999999999998,1,1,1.0
142,8,745.34,482.23,132.26,57.76999999999998,1,1,1.0
142,4,0.0,353.37,246.99,186.63,1,1,1.0
142,5,135.16,282.87,133.17,54.69,1,1,1.0
142,7,727.84,225.88,105.45999999999992,66.10000000000002,1,1,1.0
143,3,208.2,255.53,93.81,41.400000000000006,1,1,1.0
143,8,755.17,477.07,130.5300000000001,62.93000000000001,1,1,1.0
143,4,0.0,357.56,223.63,182.44,1,1,1.0
143,5,117.74,284.21,134.51,55.129999999999995,1,1,1.0
143,7,720.0,226.31,106.62,66.49000000000001,1,1,1.0
144,3,208.2,255.57,93.81,41.400000000000034,1,1,1.0
144,8,765.0,471.9,128.79999999999995,68.10000000000002,1,1,1.0
144,4,0.0,361.75,200.27,178.25,1,1,1.0
144,5,100.32,285.55,135.85,55.56999999999999,1,1,1.0
144,7,711.64,226.69,107.91999999999996,66.70999999999998,1,1,1.0
145,3,208.2,255.61,93.81,41.39999999999998,1,1,1.0
145,8,774.92,467.0,126.25,73.0,1,1,1.0
145,4,0.0,365.95,176.91,174.05,1,1,1.0
145,5,82.9,286.89,137.2,56.00999999999999,1,1,1.0
145,7,703.28,227.08,109.21000000000004,66.91999999999999,1,1,1.0
146,3,208.2,255.65,93.81,41.400000000000006,1,1,1.0
146,8,784.83,462.1,123.69999999999993,77.89999999999998,1,1,1.0
146,4,0.0,371.74,152.15,168.26,1,1,1.0
146,5,64.9,287.88,138.7,56.620000000000005,1,1,1.0
146,7,694.92,227.46,110.50999999999999,67.14000000000001,1,1,1.0
147,3,208.2,255.69,93.81,41.39999999999998,1,1,1.0
147,8,794.75,457.2,121.14999999999998,82.80000000000001,1,1,1.0
147,4,0.0,377.53,127.39,162.47000000000003,1,1,1.0
147,5,46.9,288.87,140.2,57.23000000000002,1,1,1.0
147,7,686.56,227.85,111.80000000000007,67.35,1,1,1.0
148,3,208.2,255.73,93.81,41.400000000000006,1,1,1.0
148,8,804.23,452.4,118.89999999999998,82.93000000000006,1,1,1.0
148,4,0.0,383.32,102.63,156.68,1,1,1.0
148,5,28.9,289.87,141.7,57.829999999999984,1,1,1.0
148,7,678.2,228.23,113.09999999999991,67.57000000000002,1,1,1.0
149,3,208.2,255.77,93.81,41.400000000000006,1,1,1.0
149,8,813.72,447.6,116.64999999999998,83.06999999999994,1,1,1.0
149,4,0.0,391.4,75.67,148.60000000000002,1,1,1.0
149,5,19.27,290.98,133.84,58.44999999999999,1,1,1.0
149,7,669.02,228.42,114.45000000000005,68.00000000000003,1,1,1.0
150,3,208.2,255.81,93.81,41.39999999999998,1,1,1.0
150,8,823.2,442.8,114.39999999999998,83.19999999999999,1,1,1.0
150,4,0.0,399.49,48.72,140.51,1,1,1.0
150,5,9.63,292.1,125.99000000000001,59.06999999999999,1,1,1.0
150,7,659.84,228.62,115.79999999999995,68.42000000000002,1,1,1.0
151,3,208.2,255.85,93.81,41.400000000000006,1,1,1.0
151,8,831.0,438.8,112.39999999999998,82.41000000000003,1,1,1.0
151,4,0.0,406.68,18.17,133.32,1,1,1.0
151,5,0.0,293.21,118.13,59.69,1,1,1.0
151,7,650.66,228.81,117.13999999999999,68.85000000000002,1,1,1.0
152,3,208.2,255.89,93.81,41.400000000000034,1,1,1.0
152,8,838.8,434.8,110.40000000000009,81.61999999999995,1,1,1.0
152,5,0.0,294.58,100.76,58.44999999999999,1,1,1.0
152,7,641.48,229.0,118.49000000000001,69.27999999999997,1,1,1.0
153,3,208.2,255.93,93.81,41.39999999999998,1,1,1.0
153,8,846.6,430.8,108.39999999999998,80.82999999999998,1,1,1.0
153,5,0.0,295.94,83.39,57.23000000000002,1,1,1.0
153,7,632.3,229.19,119.84000000000003,69.70999999999998,1,1,1.0
154,3,208.2,255.97,93.81,41.400000000000006,1,1,1.0
154,8,854.4,426.8,102.26999999999998,79.25999999999999,1,1,1.0
154,5,0.0,297.31,66.02,55.99000000000001,1,1,1.0
154,7,622.4,229.72,121.38,69.94000000000003,1,1,1.0
155,3,208.2,256.01,93.81,41.400000000000034,1,1,1.0
155,8,862.19,422.8,96.13999999999999,77.69,1,1,1.0
155,5,0.0,299.91,48.16,55.98999999999995,1,1,1.0
155,7,612.5,230.25,122.90999999999997,70.17000000000002,1,1,1.0
156,3,208.2,256.05,93.81,41.39999999999998,1,1,1.0
156,8,869.99,418.8,90.00999999999999,76.12,1,1,1.0
156,5,0.0,302.52,30.3,55.99000000000001,1,1,1.0
156,7,602.6,230.78,124.44999999999993,70.4,1,1,1.0
157,3,208.2,256.09,93.81,41.400000000000034,1,1,1.0
157,8,876.32,415.5,83.67999999999995,73.00999999999999,1,1,1.0
157,5,0.0,302.52,11.7,55.99000000000001,1,1,1.0
157,7,592.7,231.31,125.99000000000001,70.63,1,1,1.0
158,3,208.2,256.13,93.81,41.39999999999998,1,1,1.0
158,8,882.65,412.2,77.35000000000002,69.91000000000003,1,1,1.0
158,7,582.8,231.84,127.53000000000009,70.85999999999999,1,1,1.0
159,3,208.2,256.17,93.81,41.39999999999998,1,1,1.0
159,8,888.98,408.9,71.01999999999998,66.81,1,1,1.0
159,7,573.86,232.22,127.10000000000002,71.52000000000001,1,1,1.0
160,3,208.2,256.22,93.81,41.39999999999998,1,1,1.0
160,8,895.46,405.73,64.53999999999996,65.58999999999997,1,1,1.0
160,7,564.92,232.6,126.67000000000007,72.17999999999998,1,1,1.0
161,3,208.2,256.26,93.81,41.400000000000034,1,1,1.0
161,8,901.93,402.57,58.07000000000005,64.37,1,1,1.0
161,7,555.98,232.99,126.24000000000001,72.82999999999998,1,1,1.0
162,3,208.2,256.3,93.81,41.39999999999998,1,1,1.0
162,8,908.4,399.4,51.60000000000002,63.150000000000034,1,1,1.0
162,7,547.04,233.37,125.81000000000006,73.49000000000001,1,1,1.0
163,3,208.2,256.34,93.81,41.400000000000034,1,1,1.0
163,8,913.65,396.37,46.35000000000002,62.21999999999997,1,1,1.0
163,7,538.1,233.76,125.38,74.13999999999999,1,1,1.0
164,3,208.2,256.38,93.81,41.39999999999998,1,1,1.0
164,8,918.9,393.33,41.10000000000002,61.31,1,1,1.0
164,7,526.48,234.33,126.80999999999995,74.33000000000001,1,1,1.0
165,3,208.2,256.42,93.81,41.39999999999998,1,1,1.0
165,8,924.16,390.3,35.84000000000003,60.379999999999995,1,1,1.0
165,7,514.86,234.91,128.25,74.51000000000002,1,1,1.0
166,3,208.2,256.46,93.81,41.400000000000034,1,1,1.0
166,8,929.48,388.2,30.519999999999982,59.03000000000003,1,1,1.0
166,7,503.24,235.49,129.67999999999995,74.69,1,1,1.0
167,3,208.2,256.5,93.81,41.39999999999998,1,1,1.0
167,8,934.8,386.1,25.200000000000045,57.66999999999996,1,1,1.0
167,7,491.62,236.06,131.11,74.88,1,1,1.0
168,3,208.2,256.54,93.81,41.39999999999998,1,1,1.0
168,8,940.12,384.0,19.879999999999995,56.31999999999999,1,1,1.0
168,7,480.0,236.64,132.53999999999996,75.06,1,1,1.0
169,3,208.2,256.58,93.81,41.400000000000034,1,1,1.0
169,8,944.58,387.3,15.419999999999959,50.079999999999984,1,1,1.0
169,7,468.08,237.17,133.99000000000007,75.35,1,1,1.0
170,3,208.2,256.62,93.81,41.39999999999998,1,1,1.0
170,8,949.04,390.6,10.960000000000036,43.839999999999975,1,1,1.0
170,7,456.15,237.7,135.44000000000005,75.63,1,1,1.0
171,3,208.2,256.62,93.81,41.370000000000005,1,1,1.0
171,8,953.5,393.9,6.5,37.60000000000002,1,1,1.0
171,7,444.23,238.24,136.89,75.90999999999997,1,1,1.0
172,3,208.2,256.62,93.81,41.329999999999984,1,1,1.0
172,7,432.3,238.77,138.33999999999997,76.20000000000002,1,1,1.0
173,3,208.2,256.62,93.81,41.30000000000001,1,1,1.0
173,7,420.38,239.3,139.78999999999996,76.47999999999996,1,1,1.0
174,3,208.2,256.61,93.81,41.27999999999997,1,1,1.0
174,7,409.95,239.46,139.47999999999996,77.12999999999997,1,1,1.0
175,3,208.2,256.61,93.81,41.25,1,1,1.0
175,7,399.53,239.62,139.17000000000007,77.76999999999998,1,1,1.0
176,3,208.2,256.61,93.81,41.20999999999998,1,1,1.0
176,7,389.1,239.78,138.87,78.41999999999999,1,1,1.0
177,3,208.2,256.61,93.81,41.18000000000001,1,1,1.0
177,7,378.2,239.94,139.04000000000002,78.88999999999999,1,1,1.0
178,3,208.2,256.61,93.81,41.14999999999998,1,1,1.0
178,7,367.3,240.1,139.20999999999998,79.37000000000003,1,1,1.0
179,3,208.2,256.61,93.81,41.120000000000005,1,1,1.0
179,7,356.4,240.26,139.38,79.84000000000003,1,1,1.0
180,3,208.2,256.61,93.81,41.089999999999975,1,1,1.0
180,7,344.88,240.5,140.14,80.02999999999997,1,1,1.0
181,3,208.2,256.61,93.81,41.05000000000001,1,1,1.0
181,7,333.35,240.74,140.91999999999996,80.20999999999998,1,1,1.0
182,3,208.2,256.61,93.81,41.01999999999998,1,1,1.0
182,7,321.82,240.98,141.7,80.4,1,1,1.0
183,3,208.2,256.61,93.81,40.99000000000001,1,1,1.0
183,7,310.3,241.22,142.46999999999997,80.58000000000001,1,1,1.0
184,3,208.2,256.61,93.81,40.95999999999998,1,1,1.0
184,7,299.6,241.7,142.47999999999996,82.60000000000002,1,1,1.0
185,3,208.2,256.6,93.81,40.92999999999995,1,1,1.0
185,7,288.9,242.18,142.49,84.62,1,1,1.0
186,3,208.2,256.6,93.81,40.89999999999998,1,1,1.0
186,7,277.15,242.78,143.79000000000002,84.52000000000001,1,1,1.0
187,3,208.2,256.6,93.81,40.870000000000005,1,1,1.0
187,7,265.4,243.38,145.08000000000004,84.42000000000002,1,1,1.0
188,3,208.2,256.6,93.81,40.839999999999975,1,1,1.0
188,7,253.05,243.87,146.01999999999998,85.63,1,1,1.0
189,3,208.2,256.6,93.81,40.81,1,1,1.0
189,7,240.7,244.35,146.96000000000004,86.85,1,1,1.0
190,3,208.2,256.6,93.81,40.76999999999998,1,1,1.0
190,7,226.9,245.1,149.20000000000002,88.70000000000002,1,1,1.0
